21 6 2018 19 34 1 0
21 6 2018 19 36 1 0
21 6 2018 19 37 1 0
21 6 2018 19 49 0 0
21 6 2018 19 49 0 0
21 6 2018 19 49 0 0
21 6 2018 19 50 0 1
21 6 2018 20 29 0 0
21 6 2018 20 29 0 0
21 6 2018 20 29 0 0
21 6 2018 20 29 0 0
21 6 2018 20 29 0 0
21 6 2018 20 29 0 0
21 6 2018 20 29 0 0
21 6 2018 20 29 0 0
21 6 2018 20 29 0 0
21 6 2018 20 29 0 0
21 6 2018 20 29 0 0
21 6 2018 20 29 0 0
21 6 2018 20 29 0 0
21 6 2018 20 29 0 0
21 6 2018 20 29 0 0
21 6 2018 20 29 0 0
21 6 2018 20 29 0 0
21 6 2018 20 29 0 0
21 6 2018 20 29 0 0
21 6 2018 20 29 0 0
21 6 2018 20 29 0 0
21 6 2018 20 29 0 0
21 6 2018 20 29 0 0
21 6 2018 20 29 0 0
21 6 2018 20 29 0 0
21 6 2018 20 29 0 0
21 6 2018 20 29 0 0
21 6 2018 20 29 0 0
21 6 2018 20 29 0 0
21 6 2018 20 29 0 0
21 6 2018 20 29 0 0
21 6 2018 20 29 0 0
21 6 2018 20 29 0 0
21 6 2018 20 29 0 0
21 6 2018 20 29 0 0
21 6 2018 20 29 0 0
21 6 2018 20 29 0 0
21 6 2018 20 29 0 0
21 6 2018 20 29 0 0
21 6 2018 20 29 0 0
21 6 2018 20 29 0 0
21 6 2018 20 29 0 0
21 6 2018 20 29 0 0
21 6 2018 20 29 0 0
21 6 2018 20 29 0 0
21 6 2018 20 29 0 0
21 6 2018 20 29 0 0
21 6 2018 20 29 0 0
21 6 2018 20 29 0 0
21 6 2018 20 29 0 0
21 6 2018 20 29 0 0
21 6 2018 20 29 0 0
21 6 2018 20 29 0 0
21 6 2018 20 29 0 0
21 6 2018 20 29 0 0
21 6 2018 20 29 0 0
21 6 2018 20 29 0 0
21 6 2018 20 29 0 0
21 6 2018 20 29 0 0
21 6 2018 20 29 0 0
21 6 2018 20 29 0 0
21 6 2018 20 29 0 0
21 6 2018 20 29 0 0
21 6 2018 20 29 0 0
21 6 2018 20 29 0 0
21 6 2018 20 29 0 0
21 6 2018 20 29 0 0
21 6 2018 20 29 0 0
21 6 2018 20 29 0 0
21 6 2018 20 29 0 0
21 6 2018 20 29 0 0
21 6 2018 20 29 0 0
21 6 2018 20 29 0 0
21 6 2018 20 29 0 0
21 6 2018 20 29 0 0
21 6 2018 20 29 0 0
21 6 2018 20 29 0 0
21 6 2018 20 29 0 0
21 6 2018 20 29 0 1
21 6 2018 20 29 0 0
21 6 2018 20 29 0 0
21 6 2018 20 29 0 0
21 6 2018 20 29 0 0
21 6 2018 20 29 0 0
21 6 2018 20 29 0 0
21 6 2018 20 29 0 0
21 6 2018 20 29 0 0
21 6 2018 20 30 0 0
21 6 2018 20 30 0 0
21 6 2018 20 30 0 0
21 6 2018 20 30 0 0
21 6 2018 20 30 0 0
21 6 2018 20 30 0 0
21 6 2018 20 30 0 0
21 6 2018 20 30 0 0
21 6 2018 20 30 0 0
21 6 2018 20 30 0 0
21 6 2018 20 30 0 0
21 6 2018 20 30 0 0
21 6 2018 20 30 0 0
21 6 2018 20 30 0 0
21 6 2018 20 30 0 0
21 6 2018 20 30 0 0
21 6 2018 20 30 0 0
21 6 2018 20 30 0 0
21 6 2018 20 30 0 0
21 6 2018 20 30 0 0
21 6 2018 20 30 0 0
21 6 2018 20 30 0 0
21 6 2018 20 30 0 0
21 6 2018 20 30 0 0
21 6 2018 20 30 0 0
21 6 2018 20 30 0 0
21 6 2018 20 30 0 0
21 6 2018 20 30 0 0
21 6 2018 20 30 0 0
21 6 2018 20 30 0 0
21 6 2018 20 30 0 0
21 6 2018 20 30 0 0
21 6 2018 20 30 0 0
21 6 2018 20 30 0 0
21 6 2018 20 30 0 0
21 6 2018 20 30 0 0
21 6 2018 20 30 0 0
21 6 2018 20 30 0 0
21 6 2018 20 30 0 0
21 6 2018 20 30 0 0
21 6 2018 20 30 0 0
21 6 2018 20 30 0 0
21 6 2018 20 30 0 0
21 6 2018 20 30 0 0
21 6 2018 20 30 0 0
21 6 2018 20 30 0 0
21 6 2018 20 30 0 0
21 6 2018 20 30 0 0
21 6 2018 20 30 0 0
21 6 2018 20 30 0 0
21 6 2018 20 30 0 0
21 6 2018 20 30 0 0
21 6 2018 20 30 0 0
21 6 2018 20 30 0 0
21 6 2018 20 30 0 0
21 6 2018 20 30 0 0
21 6 2018 20 30 0 0
21 6 2018 20 30 0 0
21 6 2018 20 30 0 0
21 6 2018 20 30 0 0
21 6 2018 20 30 0 0
21 6 2018 20 30 0 0
21 6 2018 20 30 0 0
21 6 2018 20 30 0 0
21 6 2018 20 30 0 0
21 6 2018 20 30 0 0
21 6 2018 20 30 0 0
21 6 2018 20 30 0 0
21 6 2018 20 30 1 2
21 6 2018 20 30 0 0
21 6 2018 20 31 0 1
21 6 2018 20 31 0 0
21 6 2018 20 31 0 0
21 6 2018 20 31 0 0
21 6 2018 20 31 0 0
21 6 2018 20 33 0 0
21 6 2018 20 33 0 0
21 6 2018 20 33 0 0
21 6 2018 20 44 0 0
21 6 2018 20 44 0 0
21 6 2018 20 44 0 1
21 6 2018 20 44 0 0
21 6 2018 20 51 0 0
21 6 2018 20 51 0 1
21 6 2018 20 52 0 0
21 6 2018 20 52 0 0
21 6 2018 20 53 0 0
21 6 2018 20 53 0 0
21 6 2018 20 53 0 0
